HYPERPARAMETER TUNING RESULTS ===============

[1, 1, 0.49873113702474375, 438, 5, 0.0008495359054701398, 11, 0.493428264464567, 0.9749997977381548, 200, 8] Loss:  1.0964909
[1, 1, 0.3381072293483775, 12, 2, 0.00073619126878125, 18, 0.31352673066778625, 0.9792910765704903, 500, 20] Loss:  1.099531
[1, 1, 0.7169751549448307, 236, 5, 0.000889575884043531, 16, 0.4221914826889316, 0.961412884355831, 200, 8] Loss:  1.1010137
[1, 1, 0.5458708331797597, 354, 4, 0.0006747788806920578, 14, 0.4653159421637866, 0.960329326123016, 250, 10] Loss:  1.1019629
[1, 1, 0.764254939045994, 492, 4, 0.0005260861462443944, 14, 0.40396999963288693, 0.9719905807999387, 250, 10] Loss:  1.1032653
[1, 1, 0.7885806477455368, 170, 4, 0.0008989420421351099, 13, 0.39401949770554523, 0.9648151775774036, 250, 10] Loss:  1.1054897
[1, 1, 0.3918125738049587, 11, 2, 0.0005747881347845489, 18, 0.48073062086907203, 0.9629884000002623, 500, 20] Loss:  1.1167511
[1, 1, 0.534104436422298, 449, 3, 0.0005287215393140962, 18, 0.12655590432350877, 0.9798200002842716, 333, 13] Loss:  1.1177227
[1, 1, 0.6158347102823368, 27, 4, 0.0007968691926939935, 16, 0.31215975250453887, 0.982615044461415, 250, 10] Loss:  1.1260002
[1, 1, 0.5916297612998718, 73, 2, 0.0008976073766490875, 11, 0.2778209025647611, 0.9877976312973108, 500, 20] Loss:  4.23637






AAPL ========================================
Loss: 1.0898561 Directional Accuracy: 0.7152466367713004
Performance vs Random Agents:
Loss better than: 5000/5000 Accuracy better than: 5000/5000
Mean and Stdev of Random Loss: 3.274466667727438 0.6281547806049022
Mean and Stdev of Random Accuracy: 0.5000730941704036 0.022889855190693715
Net Loss vs Martingale: -1.0920016242667834

Final Predictions: [-0.04203993 -0.05949688  0.1324799   0.15228036 -0.03359026  0.16976778
  0.08335716  0.20141235  0.26396507  0.05135712 -0.07808644  0.16732283
  0.04519275  0.03350186 -0.04153165  0.05553976  0.11571914  0.1602085
 -0.019025    0.03748086 -0.04535648  0.24436757  0.00226119 -0.07449281
  0.28461218 -0.00093508  0.19522737  0.05572948  0.01405737  0.09561625
  0.21560922  0.2323117   0.17182618  0.10321367  0.14823847  0.04442576
  0.14890236  0.05443457  0.04835027  0.07246926 -0.08349344 -0.09864685
  0.18121031 -0.02329144  0.17640834  0.23742898  0.0078299   0.10148281
  0.07683471  0.15627608  0.15431246  0.22777121 -0.03778726 -0.0713197
 -0.17268842  0.15303609  0.12270436  0.22531426  0.30257612  0.08793169
  0.17279728  0.23977154  0.16622862 -0.00975296 -0.15760386  0.20387869
  0.22251657 -0.01074955  0.10318747  0.09491518  0.14664103 -0.09641787
  0.08463672  0.06968966 -0.02357054  0.05247706  0.08116749 -0.08050531
  0.175106    0.07129446  0.08473179 -0.0206739  -0.08116037  0.08684194
  0.04612014  0.02437243  0.0731681  -0.09370053 -0.0650495  -0.22761357
  0.19696835  0.15098159  0.16510732  0.12961164  0.06173342  0.0294162
  0.00802642  0.04702818 -0.02394396 -0.1617142   0.10414737  0.25122657
  0.08216858 -0.20233774  0.20944469  0.19810522 -0.07956612 -0.08843568
 -0.01761684  0.00248101  0.20365886  0.01145944  0.05249855  0.01583627
 -0.04948208 -0.03788528  0.14852828  0.01801285 -0.04304582  0.06410551
  0.01112607  0.11189297 -0.07607093  0.15345326  0.1447207  -0.06367278
  0.1907958   0.09110928 -0.00267506 -0.06809238  0.02303618  0.01613075
 -0.04832917  0.21887736  0.03099856 -0.08790451  0.11415744 -0.05296269
  0.1150769  -0.00140414 -0.01397488  0.23620203 -0.00967157 -0.10937431
  0.091472    0.04779056 -0.06497216  0.00235051 -0.01384756  0.09844196
  0.17649035  0.14443251  0.04279548  0.08197781  0.12970132  0.24792816
  0.16584769 -0.0875271   0.17276098  0.0623211   0.11085445 -0.08801958
 -0.07257012  0.02901024  0.2084535  -0.13857704  0.0031625   0.10324746
  0.17924108 -0.04075643 -0.05203515  0.05659246 -0.06731328  0.11668149
 -0.00492054  0.05864054 -0.14151633  0.09576628  0.04802611  0.07999724
 -0.04916072  0.03275886  0.23464176  0.16643009  0.05829617 -0.0590657
  0.18957765  0.21565154 -0.08917096  0.23916742  0.25429818  0.1259835
 -0.13785183  0.12249428  0.0804821  -0.03970966 -0.00854364  0.16538544
  0.13501163  0.3284228   0.03808847  0.03269041 -0.06477782  0.2390742
  0.21660651 -0.02534273  0.0584642   0.01266935  0.22888032 -0.09483427
  0.01071683 -0.10369185  0.09537867 -0.00891024  0.13922687  0.07512689
  0.08395928  0.0758951   0.21762687 -0.01363912  0.20978145 -0.04631382
  0.12165406 -0.03325039  0.2642805  -0.03068164 -0.08310503  0.16468762
 -0.05484915 -0.04475015  0.04894012  0.07321921  0.16395539 -0.12462163
  0.2363295   0.01126266 -0.0982511   0.0390434  -0.04901233 -0.08696043
  0.06807828  0.06292474  0.08155572  0.15068154  0.20464446  0.07481414
  0.15678747  0.01546812  0.13928264 -0.0580827   0.07293546  0.0147672
 -0.11196959  0.07083142  0.09370908  0.00371534  0.0390375   0.09204969
  0.05451477  0.12407893 -0.07165369  0.04708916 -0.08323511  0.12305576
 -0.03527126 -0.1382072   0.02790797  0.1119433   0.15882842 -0.18182856
  0.04361397  0.30973038  0.03814209 -0.17709005  0.06558341  0.25063592
  0.19226174  0.1704053   0.0156714  -0.12254387 -0.03779677  0.05123323
 -0.06675872 -0.05525994  0.10124338 -0.07127944 -0.08671224  0.00704029
  0.2002764   0.27455616  0.04162744  0.06482023  0.26545095  0.21240394
  0.01220912 -0.06236035 -0.05007526  0.05382341  0.0696466   0.15492019
 -0.1481939  -0.10687053  0.10265455 -0.01308379  0.14524756  0.23154126
  0.00213957 -0.11532325 -0.05356738  0.0136621   0.17880154  0.19895351
 -0.07405972  0.18631876  0.04224434  0.13916609  0.04091164  0.20437284
  0.13435952  0.07550427  0.08838204  0.17370409  0.22265561 -0.00964016
  0.07488659  0.14305475  0.10876763  0.16280214  0.14939098  0.22722271
  0.2222046   0.06593758  0.03581467 -0.04139787 -0.00945449  0.2748118
  0.0271107   0.11304605  0.02789038  0.22443138 -0.03122988  0.24609447
  0.03175038  0.09612879  0.05220145 -0.12580836  0.19637069  0.15088373
  0.01292908  0.00898206  0.05278215  0.20831662  0.165769    0.06438506
 -0.04309428  0.15662631  0.13955995 -0.17504925 -0.05227453  0.06371677
  0.21090536  0.00347883  0.2548714   0.2148344   0.06526366  0.10178697
  0.07949856 -0.11996728  0.18565844  0.17582591  0.1302152   0.20419456
 -0.11933535  0.03462613  0.180578    0.11844695  0.07800007  0.10729462
  0.05576712  0.0774194   0.22758864  0.11674902  0.01365522  0.02086875
 -0.00388232 -0.06279102  0.00401446 -0.11194181  0.18016435 -0.04177251
  0.03592449  0.03523132  0.11147943 -0.05093357  0.10086402 -0.1818822
 -0.17888206  0.16146047  0.2623146  -0.08587235 -0.1423254   0.03665978
  0.23017353 -0.05647734  0.05731389 -0.12183076  0.06628481  0.17044814
  0.03887254  0.02066356  0.11696371  0.17379202  0.03556168  0.02995804
  0.02885568  0.04704869  0.07323217 -0.00230339 -0.12541658 -0.00567955
  0.08880886  0.18204267  0.14945292  0.2767945   0.12282175  0.21728992
 -0.02903932  0.00702241  0.15162723  0.10859066  0.05298167  0.08194509
  0.05795324  0.10068399  0.0573965   0.17741773  0.30219975  0.04518414
 -0.02370054  0.10602632 -0.07168624  0.12323299  0.07281563 -0.08773756
 -0.03201547 -0.03192538]
Final Labels: [4.618084268588202 1.8674252629365091 1.9462916235399315 2.574403315281726
 -2.079638807686126 -1.3875283849006539 -0.2007246519355089
 0.8370698838349546 -1.081631454509222 0.5282132113260054
 -0.00208793623072459 0.32881062679625744 0.306432919523177
 -1.4223552015407024 0.9594405650735006 -0.046193356935525676
 -0.13437638519217873 -0.024149253939977376 0.1522671053279965
 0.659135911891679 1.5598885119040182 -0.5279881675003472
 1.028785179430563 0.2383318104359527 0.8720205468067582
 0.8698390493401763 -0.04590089785764531 0.10636833981911234
 -0.393817727526449 0.49826149414824056 -0.5892903319204308
 0.32416586725135843 0.17159235467978365 0.5192877923844543
 0.3882526587204741 -0.8263469024742679 0.32350641370270444
 -0.13268890280691437 -0.045863601241188996 0.3233008462549324
 -3.169939637114227 -2.4749943151016094 0.9451512835121741
 0.30542426317581584 0.21732129686492718 -0.8138972506317127
 -1.2662859620328013 0.7699866269271797 -0.013143387539834545
 -0.3763264247218813 -1.9629829284093947 1.0833073406743998
 -0.90745093370915 1.5253554723226532 -0.35479095243290915
 0.21853981940889267 0.5491006502178881 -0.2883137969401894
 0.1300576497455755 -1.6316319965433954 0.44031023862404756
 -0.17877353466548493 1.0586766103957495 0.17415245011292518
 -1.1032092191252982 -0.929696823830952 0.2858264247652894
 1.0819731359944502 1.8947243130424742 0.6560334102425509
 -0.37456228360761157 0.677346131304021 0.15089024842813278
 0.5881971502384686 0.3142639626668269 -0.558568017916924
 -0.679493215228415 0.7855531634431037 11.548775452058933
 -4.300214773164048 0.3613750713827578 -0.06694037027046182
 0.14703515713317122 1.0880310097087633 0.3383503599718117
 0.444505306961001 0.890689959590285 0.14563046563514484
 -0.2574884969923348 0.8248965347688291 0.12409104656415547
 0.37805492856131817 -2.1598430785893323 0.060927425484635395
 0.5074568428494962 -0.6186874804298329 -0.4707759550071083
 -0.06673692204528893 0.2101100858667042 0.8058771415360833
 1.0800570083967433 0.7591807724924279 1.665932457546525
 -0.423704932032899 0.16532009562459493 0.3125114596211864
 0.10198288890122074 -0.4234305747350418 -0.29763907617623875
 0.6916648770394412 -0.23427327036407167 0.5855592370878675
 -0.3180034336670059 -0.31823874559957765 0.459384971593136
 -0.6330211908982912 0.01791164692538739 -0.718074644429486
 0.8185647339123083 0.017889980939416503 -0.7177172375098311
 0.3759333309011486 0.4386001521271837 -0.31825556801641003
 0.4173637912870996 -1.0321101598516593 -0.1926050791362023
 0.43931685229148865 0.6912137767563623 -0.5491288924356331
 -0.0031200077244939233 -0.7391026865655033 0.2286794461273121
 0.08112356492884841 0.16528751836371844 0.12311449649493572
 0.2176870775373484 0.21752793371817336 0.017853920521726224
 0.3748352713167487 -0.0031728570981880044 0.45828031861349267
 -0.17078302597638498 0.3740156740038219 0.12238422139874054
 0.08047576910885246 -0.2333397050142479 0.3944700962321867
 0.14310783630532847 -0.29581830064408804 0.18498163604690657
 0.47747923287029703 -0.12851264010251576 0.25771198566954356
 0.04886984144850482 -0.28487989793529267 -0.639910730493856
 -1.2159238674693393 1.7378680807701665 -0.8591987216662393
 0.35247936993808837 -0.5049039144885521 -0.3380958737946724
 -0.7363704324025228 -1.7242084166093297 -1.0151909676440318
 0.22956733045107414 0.7364750247746843 0.8824964289145136
 0.14411362030820415 0.7326869251554617 -0.024149253939977376
 0.626230490880763 0.10150816710448783 0.24801536963655066
 0.3942554807863225 -1.7376565076693615 -0.7589526871253148
 0.6069449537115581 -0.15015157184004285 0.9211924698771945
 -0.6527589804865177 -0.06612842247242166 -0.08712520522423009
 0.08082866622527445 -0.04513883820615875 -0.3600017970638947
 0.5431206779514727 -0.46467874922906943 -0.08715761878717326
 0.3749721990265677 -0.06611642979485659 -0.12907918419886066
 -0.3810129778840897 0.03888795098723053 -1.7048529020426657
 -0.7628376314303903 1.287021704609754 -0.4245302708216843
 -0.1296276719726255 0.4611908624607807 -0.08737093682962549
 0.18662597327883937 -0.34013074634508794 0.33427148493150854
 -0.276905452085924 0.007467030142820673 0.01800216276616696
 0.049607259941579045 0.028523391907378 -0.16107849439022603
 -0.41401629842620874 0.28174694393097494 -1.0570071451983638
 0.10267983178787943 -1.862536121824016 -1.5957014390464606
 0.5837118613002712 1.253443751096225 -0.3742693447936256
 -0.045388902075158215 -0.2790397727874257 0.060873261607177355
 -0.25790705482908566 -0.13047047329788838 -1.5768885786903346
 0.42442574018707796 -0.4508423594424781 -0.3231818573297709
 0.23237327637852173 0.10402248497556944 0.23210479134855475
 -0.6216584442577457 -1.3066126082852965 -5.30067477390749
 0.06289856684842196 1.6076106212349335 0.8422730543018201
 0.4080422799300961 -1.0601897055115221 0.560272176452153
 -0.8885831856947979 -0.3057531130161942 0.1275999516170657
 -0.1541662786884103 -0.4576928212945054 -0.24117723875621389
 0.5404571588767509 -0.7179827755477762 0.540657539716532
 0.34458042066447503 -0.1108221563899521 -0.912756217182663
 -0.5455710559835304 3.5004520764377385 0.34220040281413533
 0.19113578967687878 0.6213274979014721 -0.06710553862400685
 0.08325402029121622 0.10469699418515438 0.5339886729688982
 0.6188788000567998 -0.2595141056625157 0.25418758665804
 -0.27018383933667406 -0.12048819716632764 0.6825217049463046
 -0.47298530550415174 -0.2274425869493676 0.07220092251111442
 -0.2810156682823612 0.2436072026844183 -2.560631175832113
 -0.584547379038665 0.4291717284867761 0.42861286147784594
 0.7510586740938374 -0.8836770894230824 0.578931689428128
 -0.1316657232607349 -0.06716843584299376 -0.23927036213234854
 -0.39006947726684327 0.08358168061738996 -0.08876885908475617
 -0.15341120826838026 -0.6922378304957387 0.40766115864801533
 -0.21823573680281352 -0.3262211993418275 0.1701997084375256
 -0.39105868332420285 0.8616349093724046 -0.3043318728823742
 -0.5418043982252494 -0.24014334669184367 0.23519618658682795
 -0.5208772389937666 -0.47829775670912844 0.45221444100328095
 -0.5647703984757168 0.5389256165374465 0.3650750516598997
 0.3214616209274634 -0.3910155631657007 -0.15376095533613646
 -0.002539677246437004 0.062283967031091875 0.09466846120609726
 -0.1861210083309767 -0.261812644630996 4.018744685803805
 1.4941393025597904 1.509184606612892 0.1667205735794927
 -0.36329712964680777 0.5486917864680695 0.20886697233709883
 0.08170005315766436 -0.08764053888888562 -0.362827991374939
 -0.32076668688591403 -0.3210064469355789 0.08195693926067565
 -0.024149253939977376 -0.5757420939583168 -0.25786648361691866
 0.4861039671868069 -0.2364597845828167 -0.024149253939977376
 0.2520140863410602 0.5277624074413344 0.6117163129313746
 0.5048228551601801 0.9688879988263049 1.0083530720337444
 -0.44439728678812523 -1.1601188277128147 0.6089030718001668
 -0.4665233433071159 0.43984917424197467 -0.9088466871520512
 0.5670732588737197 -0.024149253939977376 0.16558111763193462
 0.08120208166127144 0.3760710134655224 -0.40289255669625607
 0.39711107630323983 0.5018228414799762 0.2279562932754544
 0.5951850683161675 -0.5062071444144174 0.36410258092736586
 -0.3805444389156261 0.3955464844818706 -0.20231633488292974
 0.14361880014989722 -0.09751426325319895 -0.2967023067902518
 -0.12905520569554882 -1.7870728207784474 1.3465977534612583
 -0.04515925141748077 -0.5284180417278505 -0.23455014532131374
 -1.0557046015693607 -0.2985980827959489 0.4829044273431457
 -0.0452473613626225 0.4400357759308922 -0.23487610493033445
 0.22886814592636753 0.06013181454103799 0.1443742086760055
 -0.7505733497293423 0.07078950243389878 0.16567918639741475
 -0.21387962551188935 -0.1507015474982252 -0.024149253939977376
 1.431703794291416 -1.9996540925761148 0.16601775619492046
 -0.15086164815711317 -1.4290296766131734 -0.4376886066276207
 0.2093923297671744 -0.23632485963992453 -0.1515282085290488
 0.20945985465688874 0.1031928944324732 -0.5121249550282668
 -0.1091275048582216 -1.4903633462570989 1.2772647178427394
 0.44355578976090476 -0.34263346152455876 0.6771241487274698
 -0.49077383551275244 -1.1284832218526466 -0.7057890769776501
 -2.4996883140305814 -2.5164883216928318 -1.0841411865190986
 0.32297244351369975 -0.5443401263281514 -2.628792912847955
 -0.26461367744990977 1.4633320374776002 0.2808615180055007
 0.4329872450242556 0.301970882135755 -1.2405842412669985
 0.5860894954143339 -0.40491578207287837 1.4678265951578608
 -1.2823167579299297 1.4995487613173861 0.03004369197936411
 0.6802550995048953 1.9011422154383617 0.38472455141655704
 -0.19611519173615832 -0.0456550661966044 0.4705133945631408
 -0.30336510438608744 -0.15311615874134035 0.9219402811809196
 0.018744317177289388 0.3618478035345262 0.1900684058278481
 -0.19542347845017757 0.7469443662989499 -0.1737699786135993
 0.10414935074336197 -0.6012913533208611 -0.216832756513973
 0.939773989907896 -3.1433577683251426 -0.9291421985570275
 1.5094990032843114 0.8255293531172992 0.2655769231078276
 -2.3186873178162655]
=============================================


AMZN ========================================
Loss: 0.60637575 Directional Accuracy: 0.757847533632287
Performance vs Random Agents:
Loss better than: 5000/5000 Accuracy better than: 5000/5000
Mean and Stdev of Random Loss: 2.307187780194146 0.6235283983296318
Mean and Stdev of Random Accuracy: 0.49975560538116587 0.02379695176762761
Net Loss vs Martingale: -0.6007233163071926

Final Predictions: [-1.01496074e-02  1.67214330e-02  1.17776040e-02 -3.23418342e-03
  1.37354517e-02  1.02355452e-02  1.12372888e-02  7.13038072e-03
  5.05676493e-03  1.43435644e-02 -5.59244305e-03  1.57883242e-02
  5.58929518e-04 -2.19403766e-03  1.41638434e-02 -1.21076722e-02
  7.96079449e-03  1.75753143e-02  2.83838809e-03  1.06964801e-02
 -2.11070105e-03  6.47856481e-03  7.86904618e-03 -3.55757028e-03
  9.08371061e-04 -5.06683066e-03 -2.03856882e-02 -1.29780676e-02
  3.84698436e-03 -1.28239486e-02 -3.81585211e-03 -1.12841651e-03
 -8.83364491e-03 -6.99897856e-03 -2.35641506e-02  1.74498186e-04
  1.59398336e-02  1.05522238e-02 -8.75061378e-04 -2.54032593e-02
 -1.94386020e-03  1.84431449e-02 -1.98585354e-03  9.19257477e-03
 -1.51822064e-02  1.25681330e-02 -1.58008374e-03 -1.50401890e-03
  4.93332930e-03 -9.34581645e-03  8.91649444e-03 -1.52174775e-02
 -7.26147182e-03 -3.22177075e-03  4.22982685e-03 -1.62615813e-03
 -4.19861451e-03  1.78934075e-03  7.35292211e-03  3.10667790e-03
  1.58174150e-03  1.30188623e-02 -9.84538347e-05 -1.85620058e-02
 -8.63939710e-03  2.53723189e-03 -3.73402797e-03  4.98371385e-03
 -1.44464523e-03  2.81016901e-03  1.19747464e-02  1.02427872e-02
 -8.44994001e-03  7.43614510e-03  1.48598943e-02 -7.12234713e-03
 -2.77427956e-04  4.39050607e-03 -1.68310478e-03 -3.41630727e-03
 -6.60056993e-03  1.33876540e-02  5.94230369e-04  2.16694549e-02
  1.57913845e-02  5.95545024e-03 -5.07055782e-03 -1.58569962e-03
  1.55565673e-02 -1.23062544e-03  7.57322833e-03  9.04596504e-03
  1.21050160e-02 -7.74566084e-04 -1.73607841e-04 -1.07246451e-03
  1.23798661e-03  3.60789895e-03 -4.76223044e-03 -6.28889538e-03
 -1.53269805e-03  3.94820794e-03  9.44163557e-03  7.43705221e-03
 -7.27774575e-04 -3.35547142e-03  1.62575413e-02 -1.45207774e-02
  2.11167894e-03 -5.01809828e-03  1.01184612e-02  4.86582145e-03
  9.89636313e-03  1.60505809e-02 -5.36492653e-03  6.20799698e-03
 -7.43473507e-03 -2.67690420e-03  9.14250687e-03  1.80296302e-02
 -6.57074898e-03 -1.68703496e-04 -8.76905397e-04  1.51890088e-02
 -1.24392100e-03  9.41008236e-03 -9.66941938e-04  4.84669209e-03
 -5.36772795e-03 -1.94877759e-03 -9.57508944e-03  5.30083850e-03
 -8.47723335e-04 -2.18008086e-03  5.43010980e-03  1.08464062e-03
  1.32246716e-02  9.87130962e-03  2.13442557e-03  1.03979148e-02
  9.62105580e-03 -7.67700374e-04 -1.85994990e-03 -7.00259954e-03
  8.58618692e-03 -7.24565424e-03 -4.36897576e-03 -1.59354974e-02
 -3.35947238e-03 -2.40023565e-02 -6.81811012e-03 -7.96204247e-03
 -2.96834502e-02 -1.81649420e-02 -2.29187962e-02 -8.75904970e-03
  1.79263204e-03  1.37162507e-02 -2.64045224e-03  5.49642369e-04
 -9.34509002e-03  7.57299736e-03  1.16022304e-03 -5.88880107e-02
  3.49566154e-03  3.20228562e-03 -6.46992028e-03  2.14109197e-03
 -1.15497764e-02  1.02104610e-02  3.08106281e-03 -1.92395989e-02
  2.07562670e-02 -6.94138929e-04 -7.22643733e-03 -4.24306840e-04
 -1.56355649e-03 -5.64414635e-03  7.79509917e-03  1.65373459e-03
 -3.87367979e-03 -9.57575254e-03  1.11388918e-02  5.29052317e-03
  1.38082113e-02 -7.34480470e-03 -1.61874834e-02  7.75351189e-03
  1.62001494e-02  2.76677310e-05 -4.15945426e-04  4.66054305e-04
  1.07001700e-03  1.45131694e-02 -1.11860409e-03  3.85865569e-05
  3.51309218e-03  3.49839963e-03  8.85772891e-03 -7.22798891e-03
 -2.02254858e-02 -6.42333180e-05  1.12347919e-02 -7.48769753e-03
  2.11171247e-03  1.18428795e-02 -1.82072446e-03  2.88046896e-04
 -9.87637602e-03  1.85610354e-03 -1.68175194e-02 -2.26145238e-03
  2.04230025e-02  2.14934759e-02 -1.66495517e-03  1.00644026e-02
  7.92796165e-03  1.76518187e-02 -2.23415066e-02 -5.97223453e-03
 -3.89117375e-03  3.74209508e-03 -6.50376081e-03  9.37931240e-04
  6.89780526e-03 -1.06643420e-02  8.40438437e-03  1.32718552e-02
 -8.66025686e-04  2.90703028e-03 -8.19956325e-03 -8.29457305e-03
  1.20063759e-02  1.68204736e-02 -1.00855026e-02  8.91858153e-03
 -4.80682589e-03  1.24322604e-02 -5.86889125e-03  1.29621001e-02
  3.62565182e-03  6.80744462e-03  1.34309363e-02  8.83869920e-03
  2.00416744e-02 -1.31533127e-02  2.48261727e-03  1.57669038e-02
  1.78253669e-02  5.13253175e-03  1.60299689e-02 -3.81287187e-04
  1.29139293e-02 -1.27286259e-02 -3.40020843e-03  1.47418557e-02
  7.48874620e-03  1.09768379e-02  4.58109565e-03  1.67899076e-02
 -1.29375421e-03 -3.22854519e-03  3.74875963e-05  1.32489949e-03
 -2.74248049e-03  2.39313766e-03 -8.06892850e-03 -1.59008224e-02
  2.04688311e-03  1.01729110e-03  2.74899788e-03  8.87338072e-04
 -1.65055320e-03 -9.48555581e-03  6.73921220e-03  7.27724098e-03
  4.34289686e-03  7.09527731e-03  9.39574838e-03 -3.44217010e-03
 -1.12980790e-03 -8.89487378e-03  8.11495073e-03 -1.00082178e-02
 -8.60966556e-03 -6.89588860e-03 -7.85036199e-03 -9.42490436e-03
  1.17309587e-02  4.32218798e-03  3.51084769e-03  1.48643348e-02
  4.77171689e-03  1.05943531e-03  8.25975556e-03  1.00672273e-02
  2.85419449e-03  5.10834344e-03 -1.14818104e-03  6.37830421e-03
  5.63200004e-03  1.13925179e-02 -1.24571379e-02  5.06084226e-03
  1.34640392e-02 -1.07183307e-03  2.04281881e-02  4.44016978e-03
  9.95213445e-03  1.47056123e-02  1.52116548e-02 -1.23405028e-02
 -8.88380222e-03  8.75905622e-03  1.59511976e-02 -4.90453094e-04
  9.43807885e-04  1.27325347e-02  1.14707137e-02 -5.63924387e-03
  9.98742785e-03 -8.80702026e-03  2.56711990e-03 -8.08609463e-03
  1.69959553e-02  5.69296069e-03 -2.92278454e-03  1.34020466e-02
 -3.41409817e-03  1.10251000e-02  9.42814071e-03  6.60755672e-03
 -4.33905981e-03 -1.66778266e-03  6.90437853e-04  9.78244562e-03
  1.93910673e-04  1.71230733e-03 -8.96817259e-03  1.74136702e-02
  8.62404704e-04  3.15934792e-03  7.07549602e-03 -2.70328484e-03
  1.43053224e-02  7.92096183e-03  2.22493522e-03  3.62567231e-03
  9.85868461e-03 -4.87915985e-03  7.56907649e-03  2.47171149e-03
  1.10566597e-02  7.56538846e-03 -4.07541357e-03 -2.40051933e-03
 -1.30297896e-02  1.68683603e-02  5.85670955e-03 -1.83528475e-03
 -8.60067084e-04 -1.08496640e-02  1.50545500e-02  8.61695036e-03
  8.62216856e-03  1.70704275e-02  1.49126500e-02  5.59524074e-03
  1.40704960e-03 -1.00858137e-03  9.03724506e-03  1.07191689e-03
  1.30793480e-02  1.05676288e-02  3.47362459e-03  2.00130902e-02
  5.81318885e-03 -5.48056699e-03 -6.50983490e-03  7.68615492e-03
 -6.98662363e-03  3.77157703e-04  3.29612009e-03  7.39203952e-03
 -1.18383821e-02 -1.26107093e-02 -4.66554426e-03  7.17980787e-04
  1.19954795e-02 -1.27647202e-02  5.69268689e-03  6.94197789e-03
  2.14675814e-03 -4.64082137e-03 -3.81203555e-03  4.34210524e-04
  6.51133992e-03  2.95176730e-03  5.84461726e-03 -8.34992714e-03
  2.00491026e-02 -6.64498284e-03 -4.13019210e-03  1.01929996e-02
  3.18623520e-03 -4.24408540e-03  1.40761025e-03 -7.84818642e-03
  2.35954486e-03 -2.66658701e-03 -5.93384169e-03 -8.78614374e-03
  1.21357422e-02  8.90452694e-03  4.13145870e-04  4.24679741e-03
  1.19622191e-02  4.94909473e-03 -7.21216202e-04  1.67060755e-02
 -3.28912586e-03  7.88406096e-03 -3.86955403e-03  8.84594768e-03
  8.64621159e-03  5.33504225e-03 -6.95662946e-03  3.08018364e-03
  2.09446773e-02 -2.27186270e-03  3.46041285e-03 -6.98645040e-03
  1.28743052e-03 -9.70166735e-03  1.55614046e-02  1.52324140e-03
  7.48947635e-03  1.59511529e-03 -4.47610766e-03  9.62333288e-03
  1.70130488e-02  1.82663202e-02  8.44431110e-03 -1.81068461e-02
  1.03182392e-02  2.18397006e-03]
Final Labels: [-0.25296616232926794 1.3772992175121181 3.0334356377317557
 0.5718854390224909 -1.7511633033112135 -2.0562236155259446
 -1.4834816847906171 1.6995654823355189 -0.5182611691376948
 0.36514215863450883 0.41513018386427875 0.4285211501905163
 -0.24306381733353327 -0.15929705040274325 0.4172046263346851
 0.36628299437195994 0.4439655783426754 -1.2541928900120742
 0.11770583929020996 -0.4110243712685719 -0.5991673345239642
 -1.2428169737609134 0.8397857205818561 -0.35934097041912627
 0.9705354189981282 -0.09510980103704045 -0.824197776049101
 0.09303873522610837 -0.36790436720137687 0.16346273404147318
 0.5598304249508067 -0.3337616953727586 -0.10089241785078534
 0.5482488564097407 0.4153735024488021 -0.6692909484068335
 -0.17941922088573278 0.14347581517115668 -0.5218751763777485
 -0.2415317026723209 0.09031275411415751 0.05371027281688802
 -0.5536843640783676 -0.8447330481721642 0.7685575662341299
 0.39751884775101487 -0.7930908652141314 0.21467469637440395
 -0.2505145112167407 0.49388806330710866 -1.3962970349414605
 1.1684447503282471 -0.5124740099142151 -0.40038005956841893
 -0.03636966177585096 -0.2878460416672227 -0.2993902691972104
 0.3966754862888753 -0.2936144124091593 0.6001936469525544
 -0.45425780456027326 -1.1136980068330207 0.3352823389104738
 -0.5494423961607332 -1.28854154562494 -0.30165163967467323
 1.3473834110694676 0.0004694245574880384 -0.2949711416011608
 -0.013730615862281673 -0.14167619784105165 -0.5569997967798157
 0.3994275532228373 1.1785159392357134 -0.48144306729413877
 0.36097361302974934 -0.5949759743364786 0.5998180526931588
 -1.6891596227905754 0.3938616773954274 -0.2300516496722539
 0.1600284414266539 0.7691183380401476 -0.513488428054275
 -0.23556223929114012 0.8030751886280887 0.2956538590821269
 -0.07329361349075897 0.5109322821725941 1.3933810769020942
 1.4912661619158134 -0.24660576247158322 0.9517530230786638
 0.2883739626665904 0.028103446446141482 -0.2709585178373848
 -0.011025678677971256 -0.36625677011994245 2.5259831194875524
 -0.49158518458896966 1.0543141807467977 0.6819252378805999
 -0.619608604294028 0.09974501854771232 -0.1911665649909177
 0.08867848674911502 0.07478728201755276 0.3295876362247905
 0.10232072378214466 0.29310540865969825 0.22648150801238956
 -0.3727894788067531 -0.10786088195410024 0.0552284384919911
 0.2376337435012942 -0.2928257745338933 -0.422981052084778
 2.128342995507427 -0.8770194257608009 -0.5045322647707513
 -0.37830135123826164 -1.2216879838639951 0.10266436735157679
 0.3439100867723483 -0.7092094624720889 -0.10826249986868826
 1.0859125825471045 -0.2020630972256589 0.2104090322823479
 0.2628110208381379 -0.06917694888385476 -0.03324155684173082
 0.04970774692838123 0.06351427683340977 -0.2377450758562908
 -0.08302571362447667 -0.06920796952245646 -0.2988435996785229
 0.4984025177165261 -0.05811991265219011 0.04140896465351063
 0.9093821285018975 -0.05248969186540482 0.17903898307427316
 0.13759362686654075 0.0852038026786847 -0.05519652467979849
 0.11270636290597298 0.31900544894970895 0.541258236944261
 0.04368231677612681 0.3207023397457577 0.0025020071663640633
 0.32304603441571045 -0.3423464086593193 0.043592156343253696
 -2.8515235093393425 0.2874073793411406 0.4914524302124715
 -0.642481749651742 1.1214805924328863 -0.31667146122780415
 -0.6530651192134073 -1.3472767961658734 0.4740834721099128
 -1.1460247352469948 0.6890121909086967 0.3769548356269411
 0.011034109479796305 0.36533873136193096 0.9481940501045052
 -0.6340091392905516 -0.11883053530023008 0.5689667894609296
 0.6505685885747191 -0.8062628350448663 0.9459513848658188
 -0.7398254348025446 -0.2867532775225819 -0.4221459761895372
 0.9749019566428583 -0.6333771961392016 0.07437646780674846
 -0.0966356998355301 -0.15182469928404355 -0.011138186754637248
 -0.1932715285043907 0.3560976167473592 -0.20143225479499324
 0.18753939888352295 -0.2234783807858313 0.23444730267517006
 0.42448285406100184 -0.3718278490977534 -0.2922944176575784
 0.5792335993409758 1.7455457887984867 -0.3835571547678338
 -0.4004312128405371 0.29070846228673575 0.48780419901683114
 0.7169076807712295 0.23181580775913876 -0.09854618997866701
 0.21803031977597898 0.0814890954653141 -0.2838693601289328
 0.0597132089702243 -0.03305688221272255 0.037872055685592244
 -0.08760608622029478 0.11426240733311098 -0.00850926049054308
 -1.311960925009223 -1.1640185203000406 0.5000321029295894
 -1.3309632219797751 1.1544068089872892 1.1115562485640074
 -0.14249767080269843 -0.06319648418997116 0.7057796632154967
 -0.6610182535471497 0.016149107952713116 -1.4391704878431772
 -0.019417185654927494 0.15371419336295072 0.1206587083181481
 0.09588743234944465 -0.23621919772380837 -0.2308781409139529
 0.6868489160530432 -0.26344472224296905 0.9025796916346343
 -2.8620348829092266 -0.8146391410428562 0.7280170332427586
 0.4113969777996803 0.2811834588339282 -0.3941159049721888
 0.2978063317711097 0.3691295994170724 -0.6661860828033378
 -0.09663981376810578 -0.2263149506439409 -0.34791379156297925
 0.27626643239919735 0.5493014585609008 -0.0552416016123296
 -0.2619488978647842 0.15986554887040813 0.38856031980001127
 -1.038022998014531 1.5356151290754387 0.34885331797363467
 0.8040926033205414 0.035338291132261654 0.27347298180830615
 0.07356303948356392 -0.003013821082350578 -0.030352184539780593
 0.22662895155447765 0.17726392064326046 -0.31425214715019373
 0.08988470216657811 -0.18604392777799006 0.11450236858975636
 0.14176339469103763 -0.3880289239688072 -0.1314989512494788
 0.13372536621435455 0.11724985153254935 0.1117254660780471
 -0.7731691816874391 0.07913746032867938 -0.1863595865871114
 0.05177685736643425 0.8620916004775536 -0.20504748703847098
 -0.01668569580719229 -0.18876806690461234 -0.04128083313931003
 0.07897615408480366 -0.31450372609481136 -0.1370170712694278
 -0.20272362041533018 -0.2904329071907134 -0.13175403982065434
 -0.7238322369551442 -0.30786739852657996 -0.849826129746777
 0.7828900917551166 -0.06616661251250587 0.16485829135774327
 -0.6131470677602583 -0.013909157847505868 -0.46005159626680203
 0.2618863233234544 -0.30873230136039576 0.21776660069272602
 0.19553884580626632 -0.5316501462343886 -0.2759567433113765
 -0.0332210362426709 0.31188995255871194 0.3087789838261664
 -0.2646157357990731 -0.09937646501739004 -0.19868240914693922
 -0.22086208660641582 -0.20718627130441902 0.055183285243340194
 1.7318917582958342 0.8568212824727748 -0.14267676406126914
 0.8848452394428442 0.02703080445135472 0.09805134042087035
 0.11712248467882366 -0.12587133137018852 0.032462871658235935
 -0.21052231833725282 0.007900355424666744 -0.04126929660912413
 0.3001924229958005 0.0215162844258649 0.024239429005044423
 0.035145913523891875 0.02968097854419968 -0.3848679727272126
 0.29185494892127284 0.6706969100087888 0.7018270827088483
 0.7327406173529097 0.17561723546972322 0.09157438731833299
 0.1402453403299531 -0.14113112211491155 0.8193852975171628
 0.7172806482855174 -0.39900913812747146 0.24473550911190728
 0.4060997643832122 0.19842913437911372 0.3219049348406934
 0.514823306436229 0.2083841653644796 -0.09975873818341821
 -0.9221541324367999 -0.019417185654927494 -0.011357526912150192
 3.1801843099134093 1.5042419555705284 0.5442043355755353
 0.22622533654450408 0.260341212625072 0.5738752235658676
 -0.4720915972815961 0.02275352225121302 0.312632056261275
 0.3912523708533437 1.1820454657792843 4.558403832452548
 0.4864299131481477 0.6273235145117264 -0.20455093977900807
 -1.0331144444842442 -0.8531641858818673 -1.1219936262000711
 1.0663077247603394 -1.3058421236655893 0.06895374873523535
 0.4353038363316974 0.9042630196645586 0.6505935958942625
 -0.5873132775440345 -0.3943979449981065 -0.06602278716668783
 0.022016232773967494 -0.4699455115781174 -0.3668797786396595
 1.9275141269772527 -1.5259841139933752 0.14649077565921217
 -0.3847380259335925 0.12325165502468546 -0.13609264430384865
 0.6186483409925637 -0.09448208686064903 0.2369008024871506
 0.086647180522433 -0.5469719304915963 0.45722608419749294
 -0.4358410083662689 -1.156407755353002 -0.4509294413542434
 -0.21725186213598258 0.7541926504488261 0.0793172803346192
 -0.7415082124817305 0.17584549576135292 -3.2119076563218725
 -2.2303116645357797 -2.391787323236594 1.6668306186227058
 -3.3471653347473302 -1.7630071964409861 0.7224198959040014
 -1.9435978907955895 1.5376469311129108 0.961355409577324
 0.3915329923776978 1.4210315275066858 -0.36384941689313033
 -1.355907900264462 0.10407132199814614 0.0610867908302847
 0.876628174809565 -1.142939583997891 0.34571082992321545
 2.3511282082507856 0.6485693704318789 -0.17875257543879955
 1.1948102549006756 0.6448810382487559 0.05981155757275587
 -0.3890570320539724 -0.32341169487336907 0.15257413117611635
 0.054630378633461145 -0.11988635663185468 0.12604577225627925
 -0.9076476360378317 0.3835537356260764 0.15797800332339024
 0.30341653758882353 -0.20181389118599247 -1.1065055079995398
 0.391995221917006 0.6114642830489402 -0.10936041999685316
 -0.937633149465129 0.5591551274280089 -0.39558468196352925
 0.362510996766581 -1.4631340062450806]
=============================================


GOOG ========================================
Loss: 0.9912473 Directional Accuracy: 0.7370786516853932
Performance vs Random Agents:
Loss better than: 5000/5000 Accuracy better than: 5000/5000
Mean and Stdev of Random Loss: 2.8900642352814256 0.635557982594083
Mean and Stdev of Random Accuracy: 0.5002166292134832 0.023997928101452414
Net Loss vs Martingale: -0.796380730413573

Final Predictions: [ 9.00527686e-02  5.04441857e-02  1.15668923e-02  3.94894183e-03
  7.86748081e-02 -1.92310214e-02  1.86846003e-01  2.93554738e-02
  3.61885652e-02  3.85538712e-02  3.82643342e-02  1.94134355e-01
  1.21873617e+00  4.13413793e-02  1.45227954e-01 -1.81189910e-01
  1.14602573e-01  4.02711406e-02  6.10823780e-02  7.18094930e-02
  3.43503416e-01  3.64167020e-02 -6.62937313e-02  1.71921983e-01
 -2.09415704e-02  9.49312747e-03  2.65147239e-01 -3.39160711e-02
 -9.09750164e-03  7.25620687e-01  9.70023572e-02  1.08326226e-02
  1.94292739e-02  4.08674538e-01  3.66676599e-01 -8.46188068e-02
  1.02627352e-01  1.21653445e-01 -4.78346348e-02  8.21024179e-04
 -2.06670612e-02  4.59495783e-01  3.09506506e-01 -7.19547123e-02
 -2.09577382e-02  3.44559848e-01 -9.43380445e-02  6.85038269e-02
  9.09565687e-02  6.42070472e-01  1.06813602e-01 -1.59679502e-02
  6.74675047e-01  7.44663924e-02 -1.98355958e-01  1.12265252e-01
 -7.49295950e-03  1.52316943e-01  2.69059330e-01  6.69151321e-02
  5.89023307e-02  8.05133432e-02 -1.13050938e-02  3.92389372e-02
  3.22622955e-02 -3.52331996e-03  1.63705707e-01 -9.97967124e-02
 -1.06986389e-01  1.92776844e-02  4.01342362e-02  1.38494268e-01
  9.79998931e-02  7.60088712e-02  1.39650330e-02  1.62315741e-02
  2.61566415e-02  1.54929549e-01  4.13950160e-02  5.27151674e-02
 -4.13640887e-02  8.90271068e-02  1.43424943e-02  2.20618904e-01
  1.61546692e-01  1.33970216e-01  2.77473658e-01 -1.26621351e-01
  1.17987089e-01  9.60849822e-02  1.43722221e-01  3.60245183e-02
  1.16152123e-01  7.08714128e-02  1.08789742e-01  2.28381827e-02
  2.15270743e-02  2.30405420e-01  1.02761686e-01  3.63567889e-01
 -6.47829473e-03 -3.73742938e-01 -2.46668905e-02  6.00263119e-01
 -6.34144992e-02  4.01635990e-02  1.36431709e-01 -7.57582039e-02
 -8.01323950e-02 -4.82842177e-02  2.54009157e-01  7.37521887e-01
 -5.44976592e-02 -1.06370911e-01  6.72736391e-02  1.08558424e-01
  6.98804438e-01 -7.67275840e-02  5.15058100e-01  8.69228542e-02
  5.94341084e-02  8.29960257e-02 -6.33180737e-02  1.50242001e-01
  4.63633016e-02  2.42707282e-01 -2.03521550e-02  1.14245668e-01
  2.12392211e-02 -2.05679238e-03  7.30182305e-02  1.41258761e-01
  1.19987808e-01  8.90455991e-02  9.96035188e-02  1.03838600e-01
  5.61507046e-03  1.68669760e-01  7.75064677e-02 -8.20770860e-04
 -4.44611907e-03 -7.08517879e-02  4.27741855e-02  2.53618181e-01
 -1.07866377e-02  4.57461253e-02  1.45848438e-01  7.50790685e-02
  2.81060100e-01  7.18654394e-02 -1.12573937e-01  2.57342756e-02
  1.38578996e-01 -2.73789465e-03  6.00425079e-02  1.33329257e-02
  9.15418416e-02  1.53106302e-01  3.69061559e-01  2.20402479e-02
  1.67611539e-02  1.50423512e-01  6.72430024e-02  4.11589503e-01
  1.00348420e-01  1.24764591e-02  2.39880711e-01  2.29919195e-01
 -7.83190280e-02 -5.29958457e-02 -1.25154257e-02  5.34405231e-01
  8.09414506e-01  3.63949835e-01  2.20459402e-02  2.66191959e-01
  7.41229132e-02  1.71711981e-01  1.66814238e-01  6.74624145e-02
  1.01051795e+00  2.47600362e-01  6.43171519e-02  2.54690573e-02
  6.97438300e-01  5.81299305e-01 -4.41850722e-02  1.41246483e-01
  2.08400786e-02  5.43436706e-01  1.09864235e-01  8.33072886e-02
  1.53352976e-01  2.51481742e-01 -7.84479827e-02  1.42882764e-01
  9.17115957e-02 -6.57314509e-02  7.47845173e-02  7.16029629e-02
  1.14837497e-01  1.02054827e-01  5.58233440e-01  6.22379109e-02
 -1.86791867e-02  1.37719497e-01  1.51879072e-01  3.02722380e-02
  1.61216438e-01  5.58152020e-01  1.14240006e-01  8.25601220e-01
  1.40403539e-01  4.62978482e-01 -5.81379533e-02  2.42275894e-02
 -2.18741745e-02  8.84004682e-02  1.65281668e-02  1.57779977e-02
  3.09737772e-02  2.36178488e-02  3.92773002e-02  1.30418926e-01
  1.94988176e-01 -3.62524331e-01  7.04087839e-02  5.44603243e-02
  6.13876998e-01 -4.24613059e-03  1.69757232e-01  8.93730819e-02
 -2.59160548e-02  3.81521046e-01 -1.62401199e-02 -3.03714722e-02
  1.68691054e-02  8.95445704e-01 -2.67580301e-02  8.68426859e-02
 -4.62761968e-02  1.01433709e-01  3.89333904e-01  1.31494451e+00
 -1.07912123e-01  9.14858878e-02  2.77121365e-01  1.01446263e-01
 -3.76568586e-02  9.62688923e-02 -1.69869810e-02  7.63341337e-02
 -2.53795087e-03 -1.42304197e-01 -1.50394365e-01  7.95711428e-02
  9.38528180e-02  2.29996592e-01 -2.78951228e-03  2.44396195e-01
 -8.65514576e-03  8.87511820e-02  2.13708907e-01  5.63514978e-02
 -1.29099444e-01 -6.66400343e-02  4.64033261e-02 -9.74945575e-02
 -3.86613905e-02  8.80538896e-02  2.29914710e-02  7.42387921e-02
  5.85283935e-02  4.81795132e-01  1.62033349e-01  5.37764877e-02
  7.39783868e-02  3.44246328e-02  2.31181979e-02  1.09269001e-01
  2.04746082e-01  2.63837606e-01 -3.66677940e-02  1.48439050e-01
 -1.24583557e-01  9.79532599e-02  1.00933082e-01  1.27128363e-02
  3.24507132e-02  5.74427903e-01 -2.01575011e-02  6.76772147e-02
  1.50247261e-01  1.39985859e-01 -2.55726576e-02  3.55739415e-01
  4.64070618e-01 -6.84123039e-02  1.05470836e-01  1.34104162e-01
  9.24159586e-02  1.24237940e-01  2.69693255e-01  7.35406205e-02
  2.06534341e-02  1.09216824e-01  4.30409759e-02  9.01163071e-02
  6.39571965e-01  8.05745661e-01  9.84356701e-02  1.73101351e-01
 -9.23371464e-02  3.50724339e-01  3.53467762e-02  8.66184980e-02
  9.22069848e-02  1.34790003e-01 -2.34353989e-02  1.51614636e-01
  9.34534073e-02  2.50316203e-01  9.99011844e-02  1.27551705e-02
  9.77956206e-02  4.48786616e-02  6.05255365e-02 -1.72715932e-02
  2.17149869e-01 -7.82666206e-02  3.65429729e-01  4.84081686e-01
 -9.00340080e-03  2.71087736e-02  3.32452059e-02  6.31122291e-02
 -8.27562362e-02  3.09094936e-01 -3.53677273e-02  6.98083863e-02
  6.22936338e-02  1.72850668e-01  2.60974109e-01  8.11938643e-02
  4.94687334e-02  1.06496543e-01 -9.55499262e-02  2.00790718e-01
  8.84002373e-02 -3.32787484e-02  1.91511214e-03  9.47781354e-02
 -4.40079570e-02  3.66068929e-02  9.52614546e-02  1.34246841e-01
 -1.23656109e-01  4.57167774e-02  7.69265816e-02 -5.35218567e-02
  1.02805443e-01 -9.92537737e-02  1.73942283e-01  9.78155285e-02
 -8.65632594e-02  7.37796128e-02  2.32971683e-02  4.86240909e-02
  7.84706920e-02  1.97503000e-01  2.13105038e-01 -6.62245899e-02
  4.14035439e-01  6.43059611e-03  4.39689159e-01  4.15584743e-01
  1.18504219e-01  2.92971849e-01  1.43275872e-01  9.12171304e-01
  1.09873131e-01  9.19776201e-01  1.55981541e-01 -2.97017395e-03
  7.90327191e-02  1.50121331e-01  1.15235366e-01 -6.63125515e-02
  8.21755677e-02  7.07781613e-02  6.01096869e-01  1.51995465e-01
 -1.02434292e-01  3.29652429e-01  9.37834680e-02  1.65178823e+00
 -8.35862160e-02 -1.16099864e-02  8.30815732e-02  4.14678097e-01
  2.19426230e-02  6.38148844e-01  4.41084132e-02  1.15753770e-01
 -1.11185864e-01 -8.69126916e-02  6.78064600e-02  4.45473611e-01
 -1.37618184e-03  1.59711003e-01 -2.44398698e-01  2.32546240e-01
  9.45528805e-01 -8.88915360e-02  2.15878114e-02  9.50945020e-02
 -1.05090737e-02  6.23369873e-01  5.56268990e-02  7.36489221e-02
  7.17314035e-02  8.61191034e-01  7.34224245e-02  1.96994588e-01
  1.12230882e-01  1.27521008e-01  3.60127151e-01  8.80586654e-02
  7.33028352e-03  4.81874794e-02  2.18772441e-02  7.88598955e-02
  1.09599280e+00  6.70602992e-02  3.47365960e-02 -1.11992508e-02
  5.52610978e-02  1.25484616e-02  6.13059923e-02  6.52098298e-01
  1.38067499e-01  3.57380956e-02  1.66189164e-01  4.35782075e-01
  1.20871007e-01]
Final Labels: [-0.6078449612644233 -1.183074958751607 -0.20590315576092247
 -1.1296405014945627 -1.3579878615479894 3.2009587844395293
 -1.2133156412261101 0.05156488639425843 -3.139145807718352
 -1.4522424458538508 0.7884575553150759 -1.8713026348172304
 2.3328158815685853 0.14692624245175703 0.3323160356111811
 0.44732011238819835 -1.0380579854866785 0.4932956825273138
 0.49267090058496965 0.20412454145878303 -0.7333019402554304
 0.16320668287385795 -0.01798756600827609 -0.5942648525992344
 -1.0361093518038589 1.0232808459234786 -0.7928760530914224
 2.286220060310884 0.4091154876030193 -0.7154239784568424
 -0.3631793097571668 -0.022100388851587736 -0.1660506455799314
 0.15069959768325508 -0.09201546290410159 0.5167530832777592
 2.303107453902028 -0.2671994679801946 -0.5085330273494981
 -1.1352900452125594 -0.3544872658364344 -0.5436786934714526
 3.3868600787220005 -1.6617847688644252 1.2268952212202098
 0.2759773839777603 -0.15670676621999177 1.0554025594689296
 -0.40064980537501227 0.02683309991428584 0.5116544067024212
 0.775469753534534 0.16070966214502905 -2.246688588547006
 0.520748162368145 0.5485870669876871 0.6902894670806072
 -0.21304373651866254 -0.4570688964056629 -0.7627690335453486
 0.4549572471470655 -1.7976706968855285 1.3807648220096698
 -3.5969572745468925 -0.0015416159634737304 1.8773335870751326
 0.3667321785679261 -2.172889945347606 0.6314230024940245
 1.4224518753533884 0.2273955819181265 0.0433222202767214
 1.3020228370585376 -0.5557359352084373 -0.24641718401289264
 -0.26694877381858206 0.9335294927096229 0.43835495665019664
 0.03899302584891327 -0.5510904141571007 0.17759733571187064
 -2.1480511286025634 1.1282331110738633 -0.3323360364429668
 0.5621564015978762 -0.29133798359652546 -0.04248273061031008
 0.3617097416886167 0.9976984997890634 0.3197535756310141
 -0.37985127068578206 0.2953568602716382 0.5187718334563282
 0.12009128804112909 -0.23721683810919345 0.5547448822803449
 0.34302962045623797 0.23329047316881574 0.018466358658614308
 0.07921442055233763 -0.17185492170063618 -0.3258356268074464
 -0.4476711330277906 0.43242721828840347 -0.034201253857960204
 -0.06663051684497757 -0.5652844687643176 -0.10729365172426127
 0.3068312524387087 -0.2370699800587191 0.07131504979211716
 0.16463784870748704 -0.2127029146008751 0.31480621878204923
 -0.5613885669345852 -0.33064694335587846 -0.07487728944913628
 -0.03424398577534932 -0.8674185425918288 -0.1686715878926004
 1.5342102992901725 -0.32646653652450547 -0.24139384016335372
 0.3233972491006327 -0.1763582822222689 -0.558277072714106
 0.1731889795398596 -0.07490773129589384 0.286983430370349
 1.436679062882913 0.010356969852669881 -0.30141370053630195
 -0.11117649934812077 -0.47593096760132103 -0.034215735424521124
 -0.013930366099162097 0.14429885475963947 -0.058543421506431485
 1.1136306245162468 -1.6117276367785252 0.4895763582573176
 1.231132783332553 -0.11907504402880417 0.3015261545250153
 1.4247877679538274 -0.614054985190923 0.292571563041646
 0.39309694869480366 -0.022013845653293895 0.13098621618261033
 0.7588149708375482 -0.09833588183945871 1.135232496617032
 -0.0580588683409922 -0.6110997135996852 -0.6601012375314509
 0.3598347610310736 0.17075295425316098 -4.0720698495943095
 -2.9079652975769177 0.9493257353009643 -0.16458190322917438
 0.4993461573413544 0.5312541682670717 -0.5624452533729414
 -0.6730028128314011 -0.11985768219902931 -1.159211065262856
 -0.44711829478054643 0.19884394120007995 0.6321696084120083
 -0.19354310590711252 1.4401442425192268 0.0634164508295516
 0.45406377747825044 0.30313293804671426 0.7618579465246051
 0.20498957251861555 -1.1363306668200543 -0.7492988653344909
 0.23842010279960316 -0.19288866000699567 -0.03019507715184589
 0.06746750832322206 -0.03019293788114202 0.23019557743072844
 0.323569979393446 -0.04236460931912672 -0.44054763276819947
 0.343992361062622 -0.13177033213935418 0.3153241454567766
 0.2053969950284855 0.3757710846485655 -0.5857640327819379
 -0.3347505450538178 0.014525589724780415 -0.7494766580690877
 1.036389572042391 -0.6433367022348813 0.22195330271728356
 0.2014933114275251 1.0747784287575413 -0.864799561890527
 -0.09918674810053937 0.0835311373825032 -0.36306732706337325
 0.12828464850755153 -0.042357738274893836 -0.3307563498254219
 -0.3228606659940039 0.3603310806052151 -0.11552987910879929
 0.2706424809316541 -0.7004717907151384 -0.7504168387911202
 -0.7924647628594116 -1.9945294390530697 0.40053591301939623
 1.5027659566367582 0.2107278150618508 -0.589463245512922
 -0.30411669345628456 0.7305482445600566 -0.18130940547274965
 0.5620316492101134 -1.1641811918668286 -0.18977594415417437
 0.5139570400499919 0.75848154829366 0.42255526871481025
 -0.3113735006376825 0.2552161514153965 0.2672626665089567
 -0.7184100332631909 -2.1676524522540146 0.031214257832288827
 0.8757403411368976 0.30519513078748883 -0.06704067260765668
 -0.02616404354916082 0.46034572921577444 -0.18950063419536115
 -0.589932533691523 0.1374674020706501 -0.34922888201740154
 -0.47636358112392835 -0.17367877394031989 0.3836815122641673
 0.2563592296013609 0.043393061857773904 1.0335127452755772
 -0.14450389307282846 -0.5446181704421732 -1.4854212339200334
 2.7508375123270494 0.5891820082038769 0.7429250673827607
 1.0096113768257793 -0.09091803557860344 -0.17197876521155514
 0.15632986829215567 0.4966422788529168 0.5810009033429299
 0.4023207977208826 0.17176862938109644 -0.9905511164965047
 -0.06652693304838844 0.23282829671718794 -0.6244361505525272
 0.34641040280737523 -0.02607824364543839 -0.10698674310441447
 0.23288172483336814 -0.737793092750418 -0.4797820381269005
 -0.1518127978521313 -0.7725168661939645 0.9614236248396757
 -0.22881867800168984 -0.01798756600827609 -0.7157040193435841
 0.3436439176347572 -0.04640589927161957 -0.5051921252781759
 -0.21309686052441018 -0.26198810550090595 -1.104424320636184
 -0.013907908176943188 -1.7518252177747555 0.19503640945630832
 -0.14082339672847247 -0.7593149851792543 0.07227865877360531
 0.6465565450656034 0.18269738157050874 -0.16535879591883024
 -0.8779563454327636 0.1830855993564966 -0.12052657790335472
 0.30201267029166523 -0.09177726996335887 -0.35009987693206607
 0.2979752430952545 0.12552338576933167 -0.3581967038665776
 0.31839651975183747 -0.05487807532883782 -0.28034323688797963
 0.25273668242702413 -0.21065123194229735 -0.005684212897689327
 1.7495421255018164 2.011623407665147 -0.4121942440712812
 -0.22137874814307176 0.4174815100451955 -0.03831540537858218
 0.3032079202139962 0.4451537430534331 0.24985003675448608
 -0.03826529696453133 -0.20455174362728742 0.11185417647799964
 0.19699602313004605 0.3752706540610142 -0.17595304180984953
 0.577645918814932 -0.07058766358949241 -0.14748102865317342
 0.07106678512919704 0.5850247623829997 0.33359954497539035
 -0.2965981111027435 -0.6644720185298023 0.5526095799745767
 -0.5473939677020238 -0.026080358855268274 -0.11510296088696476
 0.18843061840536957 0.34205455951701524 0.3053672130399399
 0.010284101200861998 0.038551943336216095 0.4584952603058827
 0.7281897973999139 0.49736629794819304 -0.8141936739775633
 0.04647514187911309 -0.24760054344548232 1.7917125188315286
 -0.47949790321178504 -0.18270794764332607 0.7416326372188662
 0.46343587084638405 -0.4106976258688767 -0.009965536356664638
 -0.07815163345912084 -0.2947821265374806 0.07835261472738203
 -0.2868752482141458 1.5481872771004541 2.0104375946253894
 -0.165303529094392 -0.4361938070559336 1.4172987703295705
 -2.0960025304826293 1.0361951132113707 -0.4959557777998195
 0.21329493498878174 -0.07378349628267368 1.1379396121467407
 0.09331133286887142 0.7648711846040629 -0.43843356440990283
 -1.0463383686227878 0.5710910732502019 0.09330286416378779
 0.005854033959582745 0.7568202285242182 3.083440038945091
 -2.159608152979027 0.5003901622793767 -0.1958356379101823
 -0.860160188400196 -1.0005254596000641 0.6134305798936809
 -0.26779466545019176 0.10897447506767367 -0.5415469198763064
 -0.5223470175843461 0.23250882038738616 -1.206139155452233
 -1.4685572466627674 -0.01398860341842901 1.7295423629752655
 -0.01400529466105152 0.16917740373569964 -1.1165919419824561
 -0.18560715159495642 -5.839116651783015 -1.7225933179556887
 -2.3597318791872968 3.2323212455619315 -2.4642891071951043
 -1.405450490834599 -1.0989005129378953 -0.7774098140017833
 1.145838210941077 0.2936912619337867 0.2074013772138818 1.358191738650021
 -0.28333888765269893 -0.22223365873357043 -1.1214557909860148
 -0.17370167397185404 0.49442082720874225 0.2399499874872518
 0.4034597304608969 1.4780736482005545 -1.7408739484622284
 -0.2920094747815575 2.130607920083416 -0.6205885833453365
 0.9524594035760501 -1.7835261431491007 -0.35298390422272014
 1.4498193887506892 -0.24614770441129943 -1.285783381994123
 0.5503721476799375 -1.1980800977096029 -0.6936508368751191
 -0.05490161029053966 0.7818873829435512 -0.47652524677706626
 -0.24340966766657676 0.6217365705846067 0.7640672229101977
 -2.196294276976536 0.7708049447561526 0.7365144276661273
 -1.3523590685099622 -0.2397264638498805 -4.590698969241181]
=============================================


GOOGL ========================================
Loss: 0.9005917 Directional Accuracy: 0.7303370786516854
Performance vs Random Agents:
Loss better than: 5000/5000 Accuracy better than: 5000/5000
Mean and Stdev of Random Loss: 2.89286265974532 0.6330150593217756
Mean and Stdev of Random Accuracy: 0.4998705617977528 0.023821484198205997
Net Loss vs Martingale: -0.8827036449250025

Final Predictions: [-0.00548025 -0.00201685  0.00789917 -0.00146226 -0.00060459  0.00762935
  0.0208472  -0.00547476  0.01300972  0.016624    0.01502528  0.01014787
  0.01507885  0.00815769  0.01481878  0.01199395  0.01780475 -0.00135546
  0.00279226  0.01475701 -0.00154474  0.01840041  0.0170858   0.00414792
  0.01558345 -0.00355832  0.00325546  0.02102301 -0.01130057  0.0036416
  0.02348028  0.01508023  0.0080339   0.00978994 -0.00083351  0.00720618
  0.00934706  0.00447602  0.0104623   0.00494224  0.01067966  0.00587338
  0.01770574  0.02138386 -0.00655944  0.0302449   0.02020164  0.01167289
  0.00513211  0.01157504  0.01927415  0.00288287  0.01404429  0.00923147
  0.00262239 -0.00223844 -0.00377235  0.02199264  0.00478662 -0.01736622
  0.00992971  0.01616463  0.00244406 -0.00597788  0.0078129   0.00303369
  0.01836855 -0.01119721 -0.0026263   0.00857943  0.00141914  0.01294217
  0.02603598  0.01480158  0.01896638  0.00036471  0.01727971  0.00352446
  0.0008271   0.01036226  0.02089569  0.01487183 -0.02492486  0.00634486
  0.01632003  0.01006968  0.0087752   0.02594505  0.00202216  0.01748281
  0.0196747   0.0093658   0.02511802  0.01496653  0.01057437  0.00513417
  0.01457834  0.01179091 -0.0025223   0.00554044  0.0129435   0.00365411
  0.02066207  0.00601397 -0.00422479  0.00468463  0.01402645 -0.01281418
  0.01764658 -0.00311743  0.00926487  0.01058621  0.00188611  0.00477778
  0.00404037  0.01744357  0.0069486   0.02016378 -0.01580916  0.01523524
  0.01313305  0.00653613  0.00816192  0.01280625  0.0171857   0.01255271
 -0.00228403  0.02012293  0.01531734  0.0044388   0.00699079  0.0173877
  0.01536062  0.01877326  0.00641384  0.00074324  0.00978794  0.02507311
  0.01171855  0.00792726  0.02068167  0.00286698  0.01474674 -0.00484379
  0.02632504  0.00036074  0.00042328  0.02088297  0.00340271  0.00656166
  0.02813198  0.0149625   0.00085075  0.00818829  0.01224648  0.01283629
  0.01808807  0.02663026  0.003897    0.02110799  0.00448924  0.00637608
  0.00923788  0.02111893  0.01038417  0.0166866   0.00218891 -0.00337675
  0.03694247  0.003602    0.01458452  0.00430303  0.00628357  0.0136268
  0.02654856 -0.00372804  0.0049027   0.01134599  0.01665214  0.00755549
  0.01559456  0.01141123 -0.00764745  0.00806442 -0.00979837  0.010768
  0.00963039  0.01747989  0.01990069  0.00366081  0.01701437  0.00478548
  0.01612503  0.01832331  0.00528179 -0.01217305  0.00373615  0.01943175
  0.01558522  0.00057322  0.02448744 -0.00069665 -0.00112221 -0.00280293
  0.02136539  0.02156172  0.02571492  0.00995205  0.00876996  0.00948091
  0.00768345  0.00596569  0.00211247  0.01049104  0.00819525  0.00882575
  0.00942749  0.00608342  0.00691835  0.01596016 -0.00363122  0.00942771
  0.00627022  0.00698507  0.00921531  0.0174915   0.02544946 -0.01002235
 -0.00605025  0.01126459  0.00981262  0.02139828  0.00639758  0.01157361
  0.00429491  0.0127984   0.00579393  0.02131112  0.00825667  0.0258607
 -0.00844842  0.01512135  0.03602069  0.00709927  0.01446825  0.01181162
  0.01163506  0.01659044  0.01281603  0.01459424  0.00467641  0.01591513
  0.01898686 -0.00017335  0.01283026  0.01600574  0.0174498   0.00192085
  0.01098309  0.00522897 -0.00663692  0.00405486  0.0163486   0.01460571
  0.01781563  0.01652212  0.01734582  0.01132552  0.00121783  0.0064619
  0.00062898  0.00581318  0.02008959  0.00782792  0.00866726 -0.0032739
  0.01211384  0.00578371  0.01329555  0.00873012  0.00484423 -0.00100257
  0.01638852  0.0223998  -0.00708731  0.02773264  0.01036902 -0.00368006
  0.01076307 -0.01605736  0.01037274  0.01215609  0.01582057  0.0259698
  0.01504278  0.01552369  0.00672935  0.00694207  0.00445229  0.03097808
  0.00748554  0.00505348  0.01826282  0.0163031   0.00941652  0.02601188
  0.01448122  0.02975209  0.00511734  0.02014257  0.01156164  0.02383959
  0.01785268  0.00543303 -0.01102294  0.00641117  0.01520208  0.01498476
  0.01422272  0.008107    0.00785547  0.00434599  0.0070962   0.00828413
  0.01805603  0.00654188 -0.00279427  0.01241319 -0.00145825  0.00777481
  0.00548234  0.01579811  0.02236311  0.01961468  0.02091512  0.0026762
 -0.00810483 -0.00239396  0.00592814  0.01069364  0.00670637  0.00610047
  0.01785386  0.01544821  0.00149887  0.00560672  0.00978239 -0.00362671
 -0.00084703 -0.00497561  0.0137066   0.00125509  0.02420492  0.00907615
  0.01390543  0.00721132  0.0081917   0.01054586  0.01906509  0.02067319
  0.02407136  0.01537502  0.01730615  0.00574851  0.00906366  0.02423412
  0.01196388  0.01716964  0.00127614  0.00285995  0.01319843  0.00444625
  0.00482563  0.01821359  0.00659364  0.00281509  0.0088824   0.01543454
  0.00631347  0.00421635  0.01527476  0.01455173  0.01637917  0.00415997
  0.01272481  0.02106491  0.007707    0.00610683  0.0009069   0.02103941
  0.02167508  0.00891415  0.0144808   0.01512442  0.00614677  0.02021049
  0.01344491  0.01096973  0.00965357  0.01524788  0.01259639  0.01422524
  0.00903461  0.00947022  0.00845008  0.0157638  -0.04701333  0.01541266
  0.01108409  0.02405403  0.01192657  0.01165506  0.0014016   0.01774367
  0.0247831  -0.00712466  0.00276227  0.00377759  0.00887272  0.00775223
  0.03172324  0.0230427   0.02276835  0.01866973  0.00728597  0.01987255
  0.00658     0.0052548   0.00475075  0.01920372  0.00730245  0.00607541
  0.01280789  0.00526853  0.00995625  0.00440544  0.00540377  0.00121615
  0.01660652  0.01385798  0.00192564  0.01766817  0.01793059  0.0085145
  0.00865523]
Final Labels: [-0.4305824889381756 -1.0723603877539656 -1.5143832772312296
 3.1138145559126125 -1.0152329670386144 0.12686196653753715
 -3.3414120156168625 -1.1861670353220115 0.4185594927373321
 -1.5264307811829267 2.1774015342873994 0.44150771316477655
 0.4851645338372711 0.23192268215202644 -1.1508634545174652
 0.6745102702614797 0.3162920661984064 0.3641288265591243
 -0.8817895062809805 0.5251137854294442 0.6286174492418984
 -1.0492010062591368 -1.1360373704264457 1.3027949204002756
 -1.1595656575661886 2.408064654700096 0.42704646604675656
 -0.5638011465254315 -0.7884548406191876 0.03938628408431768
 -0.08079118940432069 0.2076512687185325 -0.12080746116920252
 0.4318727177390634 2.62381267994761 -0.39436223586049307
 -0.4822460199197996 -1.1002144178058877 -0.5678691210032807
 -0.27665554503920514 3.5649313127704065 -1.615582958173836
 1.3573841272447735 0.32072047771677653 -0.34591364110171474
 1.2178398550923908 -0.5272521945223689 -0.012737936441780206
 0.553916722703875 0.8697028390953204 0.05437585220781303
 -2.1525754693007695 0.43967879705491997 0.5937769929112409
 0.7512086113200862 -0.09176875495159388 -0.3763028719279229
 -0.8274989214692499 0.3676993629730892 -1.6201784975532947
 0.9968278298878726 -3.8111104462012015 -0.22878696752310243
 2.093240705742414 0.07093317503334624 -2.2628356399954486
 0.49584537489262553 1.6270145529378086 0.4692825401271166
 -0.1320855322607218 1.5474008082426847 -0.5717866753667338
 -0.4375451374009793 -0.23131157309995604 1.168249213991738
 0.5304661805379036 0.05853438211743297 -0.48782339368846234
 0.18543954096033796 -2.258963349213821 1.0946121068925072
 -0.3503923269809722 0.6194161706279004 -0.3025133468030521
 -0.1120374251159544 0.19785675419006465 1.2580620361433368
 0.2564714484343708 -0.3846458649877732 0.17337581832114896
 0.7313813226394262 0.21245484191784944 -0.3326019490233103
 0.4219477291356876 1.001779691363522 -0.12302379607461231
 0.17236705666542698 -0.3041095353323524 -0.5800988418454026
 0.7092207297421597 -1.359663967474908 0.6628962787813995
 -0.04825787396662926 0.01091413268052282 -0.24154835505970582
 -0.21404280630401665 0.07806890638562836 -0.1825092109489872
 -0.11148639255381088 0.11365976683785001 -0.09568196865938942
 0.39408103103837394 -0.2455629349076369 -0.573381019107567
 -0.09576882943915682 0.20473281466655263 -0.49489878394275977
 -0.6299779276586807 1.8932274480186415 -0.5649560077532773
 0.27556399183332075 -0.26929139090085286 -0.11148005424425222
 -0.15890238633931955 -0.289347814101404 -0.5069986709043042
 1.4084356627508892 1.0248088784139362 0.26269842160883394
 -0.5829862946425103 -0.0009488592490713492 -0.6309948703265629
 0.1489324489074437 0.21193914439959047 -0.24915383509674366
 0.014836221776412393 1.1461308041413811 -0.6692042271079923
 -0.9064532830408872 1.0564619429972282 0.09348598174392932
 0.4435991983729333 1.197610888674975 0.35945631185395616
 -0.28290285019371564 0.05772737394229133 0.5707828616977979
 -0.14576354366802746 1.1687020177369658 -0.5550432652499522
 1.0184213417975156 -0.10242060984959946 0.1820551986344211
 -0.20367497667865472 -0.753245351218425 0.0379556558009169
 -0.7856904501382241 -4.5414689649676845 -1.8237035298509796
 1.297837406472306 -1.4497954456183577 2.0569950241486774
 -0.5424188878643647 -0.3887340043588345 -0.4841419246582332
 -0.41328574298486265 -1.5608982083837517 0.2781556142716685
 0.7199145398074519 -0.8513710619804935 0.7479705888294114
 1.227571197740231 -0.03651749505365851 0.5263085052811818
 0.28809394758677653 0.9958957254099259 -1.5279379463988934
 -0.4246080633787923 -0.18319607875438232 0.7367967301132038
 -1.1330145704942622 0.5191520064604626 -0.0761626973730828
 0.32426450398678935 0.07837404027685568 0.06647058303415165
 0.13772909454117266 -0.7133538224849856 0.6930234153967207
 -0.20669147212266584 0.5852138121859707 0.1335592274648649
 -0.2261973581325332 -0.6178261304571221 -0.064226981953303
 0.38732014515777946 0.20885526287670847 -0.09579984341281961
 -0.02461203331776254 0.0663711007393473 0.20082442035714732
 0.15722789880651633 0.21642362186597403 -0.30892888683566333
 -0.3367983773597814 -0.6573922505049183 0.367518888321884
 -0.04835937540107581 -0.40455036053475857 0.42697253206898184
 -0.02065771499328913 -0.024614911058195802 -0.09980250754128714
 -1.21994159013374 -1.485446467410946 -0.15214765354474072
 -2.0331321958854933 1.0284936628256793 1.7328801215116367
 -0.792340874530251 0.047061317644276235 0.5849596542423426
 0.05889497823540903 0.3134723211822033 0.015097904124536345
 -1.5071405826707251 0.5656770308361723 0.827754003524312
 0.4642933222837185 -0.04052381425096829 -0.11994049559169193
 0.23749187252539072 -0.3024913926602782 0.4003659776766036
 -4.1871309653398 1.6668683671864593 0.6659723038718754 0.4017934340810517
 -0.530330442969307 0.7048703604378224 -0.27935641219183643
 0.18638975322852422 -1.143099553711312 0.38639877891952923
 -0.1123932762123623 -0.7824192931822572 0.051223226627902955
 0.36281134511001195 0.1988241244996413 0.3143962649988898
 0.4775542813197951 -0.28741992349187784 -0.8572772072453708
 2.0870266067019663 0.6306834057162124 0.2926061484306984
 1.0412885907960592 0.09001396797903931 0.10579191278185768
 0.026751613512103735 0.24003546841378792 0.39776949145807106
 0.7285983328865512 0.45565348994876387 -0.13465434108415653
 -0.9527340571859889 0.23951893626302917 -0.5957920060857181
 0.34228743534989203 -0.1901266251363938 0.05821934821023905
 -0.07977964118949868 0.5234961673923105 -1.1980694990124157
 -0.9013173344981037 -0.3333126484399286 1.0526840992928403
 -0.09966035932347891 -0.38416758009637864 -0.4873186128223326
 0.12583350460461945 -0.028574342406683627 -0.7410200097084789
 0.0031242884750845544 -0.2863060765584245 -0.7665342585340712
 -0.5015997279275849 0.01911266010874716 -1.377486390725104
 0.4224245110029048 0.1348362025899072 -0.9734244053483565
 0.3948458072953837 0.8654479588874873 -0.4428947439979865
 -1.272679153486499 0.3392446089048529 -0.10461135674526327
 -0.22853065864096497 0.5071477993462542 -0.6437243534958209
 0.25928896297627424 0.33105407494452715 0.11110166089215823
 -0.192374386748843 0.059190792715255666 -0.16845551055727073
 0.15508513400635418 0.34270158333372974 -0.34786136527899125
 -0.2522927587808687 3.031762472893015 1.1969314578107393
 -0.22233503395246093 -0.665562738381135 0.6331815866972289
 -0.1907855600669741 0.2841182945908293 0.7031576632672846
 -0.07592644141843002 0.03463582720165963 -0.2457115766245988
 0.2795984362307162 -0.02459624307866345 0.5241616503488825
 -0.284806996950838 0.4725165919277639 -0.08369141604105314
 0.10153766213272204 -0.11520430193537798 0.23552899633061528
 -0.06790348973596175 -0.23729423408928718 -0.4660059705931773
 1.0525471068613315 -0.6935867663708463 -0.1034210513137897
 -0.1665219028625548 0.23177741505590202 0.2671036904680769
 0.1014700652255256 0.38102693643832963 -0.1504603818205506
 0.09742556216879907 0.43180944451493963 0.7300060136580976
 0.38344019650797906 -0.7495826698816378 0.2463491610046544
 -0.3345137440710282 1.3576226498285442 0.22203066672335067
 -0.10275070149484275 0.08501615863435913 0.9806606246592747
 -0.21569275415478817 -0.18846278333347496 -0.3681783783996418
 0.7142135654028812 -0.34834793341028736 -0.8601516606817222
 1.3449709760231794 1.4770007009661352 0.9586760162910449
 -0.0050701477755685665 0.4523809003784098 -0.9886510808827463
 -0.7464110119766114 0.7454065572177637 -0.08656123829951737
 -0.03610960895726452 0.689820695767927 0.3398327029324595
 0.8893526798543484 0.3657913258771296 -1.2866351223214072
 -0.15996006146186506 0.7424504671529006 -0.3259902044917244
 0.7687094025378174 1.3233016885966402 -1.0213421052332796
 0.9479439725729122 -0.6557334430997119 -0.5256339043935984
 -0.5648642973599257 0.6636156628550155 -1.0354983866564134
 0.40884721969472065 -0.4379461690149331 -0.7672051713406761
 0.31272678660370035 -1.2520377723440494 -0.4944494517715289
 -1.7121436982895335 2.0332379006817525 0.1853390734183719
 -0.4283495036694278 -0.30047722900644275 0.08443996278318174
 -5.527512727731898 -2.700939343344493 -1.3616403409537996
 1.4002945012332546 -1.3534874993554304 -1.1309872755141983
 -0.10448831562075427 -2.291683741636483 1.2514971502829189
 1.2836276595535263 -0.09646988499916327 0.693383106099267
 -0.6976899433657 -0.20418194145279225 -0.5594459515079662
 -1.227494952045837 1.2617745811697714 -0.4601903336719797
 1.6311732780492265 0.8756736977270458 -0.7481434277344042
 0.047015865553808545 0.039042716433751165 0.7954495704907445
 0.32500513403080145 -1.021120941584801 -0.5340629233660467
 0.6846060754972084 0.12252760841289782 -0.4421977990260289
 -0.4267133719768834 -1.0965430704652854 -0.420205105033814
 -0.3486173815870477 1.1559471652419138 -0.874742000824242
 -0.9485120655126228 1.5344826624401027 0.21091418859897268
 -0.7749990261851911 -0.7843892828701118 1.3252482437531794
 -0.9749860639565558 -0.637031255230938 -2.7422410623947]
=============================================


MSFT ========================================
Loss: 0.52546567 Directional Accuracy: 0.7645739910313901
Performance vs Random Agents:
Loss better than: 5000/5000 Accuracy better than: 5000/5000
Mean and Stdev of Random Loss: 2.1907167978477102 0.6340552299845517
Mean and Stdev of Random Accuracy: 0.4993569506726457 0.02323879848685622
Net Loss vs Martingale: -0.5601505967429647

Final Predictions: [-1.48409121e-02 -4.33138609e-02 -1.42314993e-02 -3.82700935e-02
 -2.98861787e-03  1.07899606e-02  2.36099027e-02 -4.32804227e-03
 -9.27083567e-03  2.54826248e-03 -1.41810626e-02 -3.62716988e-03
 -4.00434881e-02  6.38276525e-03 -7.01585859e-02  1.07588712e-02
  2.09156703e-02 -2.79988348e-03  9.83112678e-03  1.41157657e-02
  1.20313447e-02  2.74139047e-02  7.28184171e-03  2.37148255e-03
  2.93728709e-02 -8.56307894e-03  6.04941882e-03 -4.53466922e-02
 -1.80182792e-02  8.81876051e-03  1.18112620e-02  1.92053653e-02
  8.42690468e-04  2.42435150e-02 -7.85683841e-03 -7.12277368e-03
 -1.75925158e-02 -7.78954178e-02 -2.48298235e-02 -1.32158138e-02
  2.44859643e-02  9.82709229e-04  6.62744604e-03  1.56697389e-02
  6.04575127e-03  7.49105401e-03  1.64068118e-02  4.55428660e-03
  2.73582060e-02  3.56764719e-03  8.91131349e-03  2.74220649e-02
  2.76955571e-02 -2.25854591e-02 -4.40428406e-03 -3.76302749e-03
  4.23297286e-03  3.20689753e-03 -1.48425214e-02 -5.03774658e-02
  1.41507871e-02  1.18134096e-02 -6.62505627e-04  1.79795269e-02
  7.92043097e-03 -4.88422811e-05 -1.60832591e-02  1.23500116e-02
 -5.00276685e-04 -9.22288001e-03  2.01756880e-03  2.11928673e-02
  5.02764992e-03  5.22547588e-03 -1.07277185e-04  1.61074493e-02
 -6.76210225e-03 -6.45958632e-03  1.03064235e-02  1.52067859e-02
 -3.61633077e-02  1.47488154e-02 -3.70129198e-03 -1.65602937e-03
  5.48439287e-03 -9.88725573e-04  1.45689230e-02  1.89173128e-02
  6.34449534e-03 -2.48179771e-02  7.88266771e-03 -6.84697926e-03
 -1.32968873e-02  1.13452077e-02 -7.18728453e-03 -1.32228695e-02
 -3.43359634e-03  1.80682521e-02 -5.11999801e-03  1.92791559e-02
  5.81974350e-03  6.31413050e-03 -4.25294787e-03  5.60342334e-03
  6.98911026e-03 -2.80516371e-02  1.75516680e-02  1.44964270e-02
  8.90530646e-04 -6.89645857e-03  1.84127782e-02  2.05372293e-02
  9.19445418e-03 -8.00326839e-03 -1.22918822e-02 -8.33452120e-03
  2.48834491e-02  1.12228990e-02  1.97567511e-02  1.36271119e-05
  1.24046039e-02  4.74909693e-03  9.74914059e-03 -7.78596848e-03
 -1.25139244e-02  9.17182676e-03  1.13125369e-02  1.39219109e-02
  3.75987142e-02  2.13219412e-02  4.69271094e-03  2.35505328e-02
  3.30974273e-02 -4.55605313e-02  2.40667835e-02  1.08222049e-02
  3.32284234e-02  1.53926872e-02  4.17791307e-04 -1.93008184e-02
 -1.48517936e-02  1.60264075e-02 -3.54465097e-03  9.88002494e-03
 -2.39024684e-02  2.71095484e-02  9.26952250e-03  2.53015757e-03
  1.23246107e-02  1.05043333e-02  3.77479941e-04  1.12581924e-02
 -3.65334004e-02  6.50674477e-03  2.53423378e-02  1.41080469e-03
  1.83197837e-02  4.86193970e-03  6.68026507e-04  9.32538137e-03
 -2.12907791e-02  1.71965193e-02  5.15904278e-04  2.65142843e-02
  1.19271651e-02  1.32467691e-02  5.15478291e-03 -1.79037638e-02
  1.20807067e-03  1.41958240e-02  1.20372586e-02 -1.74893774e-02
  8.70522112e-04 -1.50849186e-02  1.07224658e-02  1.92638002e-02
 -2.71738768e-02  1.78100094e-02  3.00512426e-02 -1.15210675e-02
  4.74219024e-03 -3.50111723e-03  2.16179527e-02 -1.96205229e-02
  1.32833794e-02 -1.19509622e-01 -9.27014276e-03 -6.66708127e-03
 -1.11947283e-02  2.27536261e-03 -1.82217211e-02  3.25000994e-02
  6.66040182e-03  6.22338615e-03  9.42943059e-03 -5.23080304e-03
 -2.45106220e-03  1.32582672e-02  1.27170123e-02  1.05184261e-02
 -2.34162286e-02  1.36219896e-02 -1.51588283e-02  2.63052620e-02
  4.92934138e-04  6.39528036e-03  9.25809704e-03  2.18729135e-02
 -4.06954437e-03 -3.86819988e-03  1.55858584e-02  7.92130455e-03
  1.56794954e-02  2.05996055e-02 -1.30286440e-02  1.96231157e-03
  4.67543304e-03  1.05539970e-02  1.63097493e-02  1.21277571e-03
  1.60898976e-02  7.21112080e-03  2.35779844e-02  1.28393117e-02
  2.55998299e-02  1.48063172e-02 -3.25374678e-03 -5.95506653e-03
  1.41562708e-02  1.44284517e-02 -4.71510738e-03  2.72907615e-02
 -2.90622264e-02  2.03728732e-02  1.17631238e-02 -3.10755298e-02
  2.80027837e-02  3.60421464e-03  1.15297176e-02  1.88563056e-02
  1.63406655e-02 -6.70387596e-03 -1.96213499e-02 -3.84826958e-03
  1.96407773e-02 -1.02173910e-02  9.94474813e-03  1.56181660e-02
 -4.37793881e-03  1.88913383e-02  2.84505710e-02 -5.61637953e-02
 -4.22215834e-03 -6.09255880e-02  1.57506764e-02  1.37512404e-02
 -4.97667491e-03 -2.99770385e-04  2.75634229e-03  1.49272345e-02
 -2.48120055e-02  2.24761590e-02 -6.88422471e-03  1.75780449e-02
  9.56596807e-03 -4.31856215e-02  1.42579675e-02  2.13680696e-02
 -2.14313343e-03  8.25134106e-03 -6.93651810e-02  6.10988960e-03
  1.60099939e-03 -4.06938046e-03  1.17002800e-03  1.85014494e-02
  1.87322497e-04  3.13802063e-03  4.80605662e-03 -1.51908770e-03
  1.85968447e-02 -7.41392747e-03  8.09075497e-03 -4.60326672e-04
 -7.12937489e-03 -7.37268105e-03  2.55865045e-02  2.90961936e-03
  2.10793801e-02 -1.17459148e-03 -2.68099457e-03 -9.76306945e-03
 -3.13754603e-02 -5.30630723e-03 -2.17538513e-02  1.12616569e-02
 -2.10423768e-03  5.50046936e-03  1.73127949e-02 -1.16904452e-03
 -4.87007797e-02 -2.90869474e-02  1.49346124e-02  1.52431801e-03
 -1.72101036e-02  6.43569976e-04  1.08269192e-02  1.72523931e-02
 -1.60039514e-02  2.70440020e-02  2.74983719e-02  1.27669293e-02
  1.77982934e-02 -3.17972973e-02  1.79507993e-02  1.37138069e-02
 -2.28589289e-02  1.55752338e-02  2.18596794e-02  6.63624145e-03
  9.58580524e-04  1.72425508e-02 -1.56749934e-02  2.05415487e-03
  4.91051003e-03 -4.83642668e-02  2.63752937e-02  1.17686372e-02
 -2.05629691e-03  1.24699008e-02  1.35248061e-02  6.32449985e-03
  4.38475236e-03 -7.03313947e-03  5.59538975e-03  6.47920743e-03
  2.08917297e-02 -1.89081095e-02  1.65261999e-02  1.81818660e-02
  1.30482819e-02 -7.86590949e-03  1.30448882e-02  8.85182992e-03
 -1.01765618e-03 -3.87903303e-04  2.21026409e-02  1.27210785e-02
 -7.04653561e-04 -1.37152970e-02  2.22766399e-03  6.41330332e-03
  5.71858697e-03  1.13752689e-02  1.78004727e-02  2.90758945e-02
  1.42000243e-03 -8.04829597e-03  1.42881349e-02  2.79917382e-02
  5.23693673e-03  2.49791108e-02 -5.24244085e-03  1.32214632e-02
 -6.82630762e-03 -1.03720650e-02  3.17819230e-02  9.69841890e-03
  9.04588215e-03  7.53147714e-03  4.78139892e-03  1.06852278e-02
  1.76012143e-03  5.67191467e-03  2.76119914e-02 -5.65522909e-03
  8.96054506e-03 -6.86920732e-02 -1.10764429e-02  1.54600311e-02
  2.35994831e-02 -1.65344328e-02 -1.53417513e-03  1.09707620e-02
 -6.29946589e-06  2.89564822e-02  2.19479576e-03  2.23339722e-03
  8.97283480e-03  1.02290567e-02  1.78238004e-03  8.03047046e-03
  9.41711292e-03  2.65612453e-03  8.08705762e-03 -2.40016766e-02
  2.81746015e-02  1.80173144e-02 -6.51202723e-03 -1.98509768e-02
  6.73695281e-03 -1.95261836e-03  1.24420300e-02  1.44902151e-02
  2.00950261e-02  1.07925683e-02  1.18901934e-02  1.30202249e-03
  1.21067278e-02  5.72504103e-03  6.51908107e-03  3.13329697e-03
  2.31297091e-02  8.56177695e-03  1.07084773e-02 -6.90474361e-03
  3.37281078e-03  5.89185581e-03  6.12573884e-03  2.28083003e-02
  2.51723230e-02 -5.61175123e-03 -9.01198387e-03  5.01548871e-03
 -8.28186050e-03  2.22745389e-02 -2.18395218e-02  5.69216162e-03
  8.64369236e-03  2.05661356e-03  5.73860295e-03 -1.08343363e-03
  2.07500588e-02 -5.36225736e-03  9.93774086e-03  2.37855613e-02
 -1.03715807e-04 -2.93174759e-03  3.08938324e-04  1.10206064e-02
  2.63845846e-02  1.84255447e-02 -7.20687211e-03  9.18365084e-03
  1.78414993e-02  1.70675889e-02]
Final Labels: [3.6939955740897483 0.23169406230719655 -0.444189437903216
 -1.1210365588181581 -0.7171231282551696 0.9126132945467041
 0.4583249756463753 -0.760883364533939 -0.15181948493325292
 -0.3327783687644598 -0.672504113525331 -0.5828800528755183
 -0.6744757491550862 -0.08425832040705121 0.7345355260132472
 0.006621414801652742 0.00661598461786088 -0.22031683699786597
 1.5958843449229123 0.8654738228656026 -1.9331830313614942
 0.5505314706420288 -0.6950590114107683 0.2559310823014028
 -0.6730337343866877 0.2335053829443259 -0.4469025369526151
 -1.037494350344353 0.5529347832696866 0.05211561278531335
 -0.2659468493723214 -1.0389301516059368 1.2830955393610808
 -0.49301000316312393 -0.4935543884462954 -0.24367124361472375
 -0.28933905315527325 0.5082716693887757 1.736567142786932
 -1.035586349050005 0.46094348343183394 -1.1276357151352125
 -0.7212713007345553 0.14355203748662282 -0.8816321377608134
 -0.42689571964332007 0.9668015280096217 0.006812293203582921
 -0.24389275315071143 -0.7000676094067505 0.600829195383003
 -0.17560232165615966 0.05247624614767004 0.029647000396943537
 -0.9509027663904897 0.3040971807866218 -0.10728743836294831
 0.5094241783111975 0.029651113032828004 -0.26682058755137605
 1.330321840112229 1.5982349634025161 0.6856598436808025
 -0.8974020201527814 -0.8993492527678795 1.0507371799478271
 0.05175781871698612 0.09699179851914215 1.273167327735266
 0.9981460324981765 -0.4883815414439271 -0.7589988585175599
 0.09652385997397644 0.32189323555584876 -0.5342227385244234
 -0.7152688367499772 0.638927159799281 -1.6172607219987492
 -1.1709744278980079 0.18834261736154875 0.959944504717725
 0.27816528752781455 0.23266140488638343 0.1872603322046821
 0.4582066044358774 0.8636459716556563 -0.1288029147763395
 0.6816199250731435 -0.7128653766104048 -1.0742196589452804
 0.6383628111698697 -0.309147552755701 -0.264246096981018
 -0.19669857934538387 -0.19676432999042265 0.05154234152654949
 0.11924267997482191 0.8412424083898703 0.2763978231369374
 1.4907937230933108 -0.6660687952585347 -0.9812737647539304
 -0.2187455114423241 -0.7139848625360471 0.5925443648562064
 0.141302422600908 0.3212089369036785 0.27591242499730917
 0.09597933362287858 -0.3979920437449882 -0.39833241292274335
 -0.2637114883878177 -0.21883090673936498 0.4791317755522013
 -0.03877492281331406 0.3210169455118408 1.286700844241763
 -1.4715743984444534 -0.39833241292274335 -1.0959767810134813
 0.20934656844069763 0.05139211677893451 -0.2641389720615265
 -0.15152390846943162 -0.2868964140672836 -0.12905995401103817
 0.23214462939329852 0.4124355244211711 -0.17397729316633834
 -0.3543595613863947 -0.3997432806009022 0.006389084104594565
 -0.12909218715321974 0.006394460132041583 -0.03877492281331406
 0.4354471498246422 -0.602620370248957 -0.2646487240777115
 0.3228384052383128 -0.08393355498328796 0.638685180955231
 0.5698525944347219 -0.8264731325486567 -0.03877492281331406
 -0.985978977087362 0.2777498511224642 1.2714491035710251
 -0.08379960080624925 -0.17386498551325943 0.5918698784377475
 0.45590958149649496 -0.26333876831230546 0.14098253153263862
 0.006143162665360649 -0.3531643065118515 -2.1514254023012174
 -1.394824903006936 1.4582296847297924 -0.17433147894245501
 -0.2647832528455914 -0.6267467725886399 -0.808854398056405
 -1.2643294234536049 -1.4049143184361859 0.0069275926780277795
 1.1493473844155808 0.5078776382299817 0.8710020758061996
 -0.03877492281331406 1.0049662492574425 -0.265052791700713
 0.14235538082591231 0.14226896369630526 0.3231401807862826
 0.6843655938597901 -0.7154296769577763 -2.0271745166521136
 -0.0842038688356079 -1.2427861335761288 0.8500156278349581
 -0.40255489752792895 0.325354127083956 0.643312529776573
 -0.3111203673999845 0.006648585221641656 -0.7200459930541799
 0.8484703684842532 -0.10686535635437024 0.05202861538341932
 0.46052505892902046 0.14255012132678493 0.051844297753654026
 -0.2652688861200708 -0.220078308443552 -0.22016497354193443
 -0.08414412249343704 0.0973489511999017 0.18801684513084174
 -0.6280813162686147 0.0066268462850526295 0.1428104276468059
 -0.31102267083974555 -0.17499652845794342 0.2791896334314602
 -0.12954587990556896 -0.19766210446595062 0.3926709353854123
 0.14268018113131 0.27861973638965243 0.3236586838000182
 -0.6724285255970238 0.5959385545747908 -0.28771026676408273
 0.14238780852250754 -1.6005578660026392 -2.2206703868719244
 1.4699532147888583 1.8282822512046348 -0.03877492281331406
 -0.9450753434585758 0.2791896334314602 0.006610555732834454
 -0.06146494829317356 -0.10684906969920671 -1.445893053178094
 0.7357425179491754 0.6886978519275683 -0.06146494829317356
 0.12006475325375475 -0.1295024747856682 0.1427235758710298
 0.0972838746496398 0.23324513892443316 -1.1260757426534371
 -2.219625417779852 0.5095892189846309 0.4175357868117338
 -0.0843511882618342 -0.10714753292577986 0.006815031667864154
 -0.01598268387261723 -0.03877492281331406 0.006806817261691227
 -0.01598679008907505 -0.28942933026943196 -0.22118952977118034
 -0.15283888401456525 0.16660194140685197 -0.2212333847073343
 0.0524981947150611 -0.13002609177425603 -0.44950395169100227
 -1.5464132014189123 1.933559587441751 -0.449454561475874
 0.1896276208994124 -0.5866112839165897 0.34983687020541837
 0.1210779930481283 -0.175734013089154 0.4179202103244753
 -0.08438953828677699 0.5999064676336486 0.052311967759054154
 -0.08430743854699811 -0.40307876164607426 0.14355203748662282
 -0.08433477226997321 -0.17547088323268237 0.052388557336612254
 0.18907903787132382 -0.403122485102492 -2.226961291621673
 -0.8641040371482103 0.696450044247371 -1.139479741157563
 -0.29175358022945436 -0.15384193297890947 0.42163272839292393
 -0.26869978110473997 0.09926363161529857 -0.03877492281331406
 -0.36074775952471555 -0.17688046186128864 -0.03877492281331406
 0.14543283744107072 -0.13083411401275213 -0.13085645305455323
 0.23753671756834738 -0.31488551179521546 -0.01574895278151596
 0.5598639728379577 -0.7054358301617804 -0.22300504109187436
 0.6985034958858221 -0.5906614618377396 0.6060304911615417
 -0.1307337223102408 -0.3607087372442395 0.19137305518530223
 -0.8438045939459541 0.7218667307187617 0.05323962280354976
 -0.17676328140392072 0.007237928662918239 0.12225053201628187
 -0.4756586249498765 -0.03877492281331406 -0.015754540253014798
 0.053301021651166035 0.16834569548485037 2.2153081563581454
 1.5617769588866783 1.1907505332472412 -0.35651127483115946
 0.5518013754764216 0.05194178436438197 0.09726761523307749
 -0.44675627212847363 0.006605128146236431 -0.12952417215544385
 -0.03877492281331406 0.14276699137119572 -0.016093034820214985
 0.48287732037933306 -0.44646405676545936 -0.08412243549550075
 0.23334267211259369 -0.03877492281331406 -0.03877492281331406
 -0.35601795432764693 -1.354167176889485 -0.08429105405049388
 -0.03877492281331406 -0.03877492281331406 -0.2208612885159261
 0.18894230361743797 0.18880573337250078 -0.31170802239917655
 0.23435462574058294 -0.08426377274429817 0.1432022914891338
 -0.6299173817246001 0.3028009168327718 -0.5620535175045882
 -0.19825354330255604 0.2119397055346881 -0.5398731037696123
 -0.4036918466014388 0.3721517857798718 -0.9509575817656883
 -0.9531556122692195 0.6944965479580522 0.3271537041145595
 0.829468301700148 0.28037393010862244 -0.12988368298718264
 0.02957305739639117 -0.15266770933238644 0.39414760248747266
 -0.289128659235396 0.7355565817013452 1.8249274527367376
 -0.12924291330661425 -0.26499883250945516 0.25549158992923143
 -0.06139326853214953 -0.4006900264129107 0.2329205326455255
 -0.03877492281331406 0.006475254401614325 -0.491222742205512
 0.18771904049348484 -0.7404873762760155 -0.2428753157564723
 -0.2656751776113614 0.41529709600228565 0.5734896657700205
 -0.15197460843000607 0.14239862033501993 0.029132733973420727
 3.378632240349604 1.3518749849594895 -1.1561718195276596
 0.09570871078061967 -0.2180229087010128 0.3198904704987352
 -0.2851245360903068 0.16291478811304874 0.3195940878104282
 -0.26254422704983077 0.45380801881594435 -0.35183042108898677
 -0.4416071798453618 -0.9797157314811239 0.5900782738887217
 1.2616944222116762 -0.575062266293444 0.05073279888122523
 0.005968384122606007 -0.9335355597484153 0.9926317991029965
 -1.2015524878372954 -2.1247497844724776 -0.6477280060438253
 -0.355035894699144 -1.5309631427964312 -0.2657566108885272
 -0.03877492281331406 0.32461314146650017 -0.674095636247737
 0.41578663219885253 1.0962693046459373 -1.0799014504115976
 -0.061470376528859394 -0.6061952023219471 0.23399468503922327
 -1.3562143574597512 1.0553182615909495 -0.7888014885834732
 1.9197107524361208 1.0260644913508865 -0.9424852970076434
 -0.12936169438748105 -0.44651273025337607 0.6188425982576717
 -0.287784518193958 0.5048754871066843 1.5446036554350477
 0.9523559919120946 -0.3982472601719173 -0.6234713575193623
 0.0513171916511835 -0.5341639386412185 -0.264246096981018
 0.23195134552737703 -0.1740415528480771 -0.4447195175021496
 -0.12908144021557444 0.638685180955231 0.6374778741289294
 0.9512980960116837 -0.9813852503042441 0.41120490183301095
 -0.9826133343504975 -2.021272119377589]
=============================================

